	N47	N54	N62	N67	N68	N74	N80	N82	N85	N91	Z0008	Z0012	Z0014	Z0015	Z0016	Z0023	Z0025	Z0026	Z0029
Cancers: Specific types	0.000214345	0.000315949	0.000341436	0.000229934	0.0003165664	0.00024851	0.000242078	0.0001948885	0.000253697	0.000198255	0.0001942788	0.000191478	0.00029948	0.000257216	0.000240115	0.000213678	0.000272239	0.000389928	0.000406534
Endocrine system	0.003130779	0.00320976	0.002649723	0.002593158	0.002992982	0.0026566775	0.002839526	0.003135326	0.002857315	0.002415219	0.002692376	0.002776413	0.002518634	0.002894018	0.002236003	0.002525181	0.003038157	0.002780578	0.003034442
Transcription	0.001123045	0.001211436	0.0007933522	0.001065879	0.001012642	0.001201098	0.000880575	0.001261786	0.00105311	0.000988553	0.000935137	0.001248621	0.000949066	0.000871922	0.00068312	0.001067352	0.000913121	0.000812988	0.001059249
Energy metabolism	0.0330680505	0.0288346293	0.0299458223	0.0296621124	0.028134586	0.030642497	0.0275136077	0.0347847664	0.0269007666	0.0318836564	0.0281024033	0.0296412445	0.031960549	0.029615338	0.0259195039	0.0319012379	0.0318372248	0.0300026825	0.0223259288
Cellular community	0.0	0.0	0.0	0.0	2.74e-08	0.0	0.0	0.0	0.0	0.0	1e-06	1.8e-06	0.0	8.53e-07	0.0	4.16e-07	8.74e-06	0.0	3.33e-06
Nervous system	0.002912975	0.002146003	0.002092727	0.001930804	0.001746761	0.001814729	0.001974878	0.001994621	0.001930093	0.001837507	0.001550004	0.00149267	0.002145543	0.002117249	0.00216683	0.001796249	0.001728095	0.001886103	0.001284638
Circulatory system	0.0	1.52e-07	1.971e-05	2.41e-07	1.44e-07	3.58e-08	0.0	1.23e-07	0.0	0.0	8.54e-07	1.07e-06	3.49e-07	6.77e-07	0.0	0.0	6.04e-07	0.0	9.67e-08
Signaling molecules and interaction	0.000129684	0.00013834	3.26e-05	3.68e-05	4.46274e-05	4.99e-05	6.84e-05	6.51e-05	7.82e-05	3.75e-05	1.094e-05	1.138e-05	6.63e-06	6.2753e-05	8.6e-05	3.5816e-05	4.314e-05	3.56e-05	6.06e-06
Nucleotide metabolism	0.024888328	0.0247661974	0.0229002688	0.0280271748	0.0242361092	0.027858996	0.0222004824	0.0279236322	0.0223191195	0.0270213854	0.0279558894	0.030962895	0.0282583849	0.0254769438	0.020882279	0.02785474	0.0296637976	0.023875776	0.0241392877
Metabolism of terpenoids and polyketides	0.0060225736	0.0050976515	0.006170372	0.0066037473	0.0053136852	0.0064200276	0.0046726369	0.0071628926	0.0051180451	0.0064589337	0.0077230548	0.0074579567	0.00685005	0.0060694242	0.0056967036	0.006583218	0.0080221418	0.0060564382	0.0063031194
Amino acid metabolism	0.0477055964	0.041536417	0.0450116218	0.0456846186	0.0417277936	0.0449565486	0.0406479529	0.0503229293	0.0404467632	0.0444203427	0.0451856078	0.0417355874	0.0490706754	0.0460917172	0.0389579483	0.0461021672	0.0492637301	0.0464057666	0.0343246593
Infectious diseases: Bacterial	0.0035164812	0.0032771404	0.0041447752	0.0038174086	0.003219828	0.0037807645	0.0030295395	0.003770253	0.0030368641	0.0037612377	0.003367735	0.0038512712	0.0040533089	0.0034246083	0.003244533	0.0038392627	0.0035064524	0.004379356	0.0027646808
Transport and catabolism	0.004902213	0.0036019735	0.003484236	0.00310646	0.003067819	0.003181298	0.003858067	0.002935201	0.00366152	0.003767139	0.002698377	0.002524213	0.0027244433	0.003303251	0.0031414136	0.004262508	0.003420875	0.003907601	0.002508532
Translation	0.01575882	0.0187253406	0.016085168	0.020751136	0.019627182	0.0212829568	0.0148358269	0.02200016	0.015517437	0.020597542	0.0195035	0.026790025	0.017901617	0.017863154	0.01393996	0.018463364	0.0206309832	0.013332287	0.019775231
Cell motility	0.000674344	0.001762062	0.0029255601	0.002367241	0.000956995	0.001485014	0.0014641685	0.0013152486	0.0017572433	0.0013624785	0.001038431	0.0014494297	0.002312247	0.001213622	0.0015583812	0.00199603	0.000999151	0.003967932	0.0003059131
Replication and repair	0.0184726072	0.0197680434	0.019001841	0.0232969266	0.0203790452	0.020997211	0.019728669	0.0211723606	0.0185917756	0.020636024	0.023932592	0.023285058	0.0216738865	0.02100429	0.018627509	0.021981494	0.024422398	0.019014885	0.018877626
Neurodegenerative diseases	0.000416683	0.000492375	0.000778709	0.000663417	0.000544123	0.0006360794	0.000415662	0.00060961	0.000429746	0.000619247	0.000461321	0.000672748	0.000675521	0.000664581	0.000543919	0.000722694	0.000686126	0.000851678	0.0005258461
Development	7.66e-08	4.13e-08	3.45e-08	5.91e-06	0.0	1.71e-06	4.56e-06	3.63e-06	0.0	3.87e-06	1.98e-06	2.37e-06	4.23e-06	1e-06	7.48e-06	1.49e-06	1.43e-05	1.03e-05	2.27e-06
Drug resistance	0.0042451565	0.003879527	0.0032578523	0.0037119212	0.0032888867	0.003910041	0.0036364816	0.0038956257	0.0031530138	0.0041993234	0.0029391345	0.0033170719	0.003312976	0.0035250213	0.0037320473	0.003902418	0.003365795	0.003888548	0.001923557
Digestive system	0.000783941	0.000483632	0.000333878	0.00037146	0.0004011774	0.000459737	0.000533657	0.000315724	0.00063046	0.000776125	0.000607593	0.000881401	0.000281418	0.00046894	0.000325669	0.000498679	0.000666128	0.000497675	0.000424109
Immune diseases	0.0001637926	0.0001426853	0.0003780775	0.000376446	0.000237749	0.000349938	0.000207309	0.000301836	0.000163557	0.000403314	0.000316722	0.00048396	0.000413448	0.000385106	0.000423313	0.000375556	0.000589598	0.000358267	0.000286853
Cell growth and death	0.003840111	0.003298172	0.00306558	0.0037052366	0.003248785	0.00368592	0.003167258	0.003614833	0.00313444	0.003668775	0.0039113858	0.004373572	0.003569674	0.0034938497	0.002749154	0.00381675	0.004071854	0.003121475	0.002983524
Signal transduction	0.0085547597	0.0082665095	0.0123193581	0.0097447822	0.0083297004	0.0093738127	0.0082686884	0.0113661775	0.0081296688	0.0093688665	0.007964206	0.0084542835	0.0125357085	0.0092035187	0.0091762064	0.0099733568	0.0087884408	0.0135452313	0.00773169
Cancers: Overview	0.004110636	0.003213763	0.003242636	0.00310768	0.0031919844	0.003407235	0.003641178	0.0033735895	0.003498082	0.003346265	0.002715894	0.003357302	0.003521135	0.003713202	0.002950857	0.003336787	0.002994517	0.003479171	0.0030902287
Xenobiotics biodegradation and metabolism	0.0036782501	0.003558723	0.0049515873	0.0045542103	0.003748538	0.0038715306	0.0032125634	0.004195675	0.0035334942	0.0039761695	0.0035612485	0.003753998	0.005481944	0.0037945171	0.0037306748	0.004125872	0.0044761801	0.0055623704	0.0036593735
Environmental adaptation	0.001004575	0.00103523	0.000886127	0.000994357	0.00079434	0.00085601	0.000774	0.000715546	0.00085806	0.000928278	0.000624171	0.000506544	0.000803071	0.000807653	0.000816232	0.0007899768	0.0007043333	0.000909276	0.000842877
Carbohydrate metabolism	0.0757442786	0.0625053981	0.0725886313	0.063242586	0.0631397333	0.066831336	0.0643278743	0.0797615407	0.0643644218	0.0687998767	0.0622197518	0.0688364563	0.0703988869	0.0677653742	0.062707145	0.0686333285	0.0698727787	0.0713984774	0.0598686452
Biosynthesis of other secondary metabolites	0.006649375	0.0058949763	0.008413396	0.00694256	0.0074702696	0.007637792	0.0058602975	0.007963641	0.005934414	0.007785517	0.0088191227	0.009817093	0.007205147	0.007708138	0.007536413	0.007342131	0.0088554485	0.006715045	0.0073383443
Glycan biosynthesis and metabolism	0.0232550369	0.0178054349	0.016130937	0.0154895875	0.0151403508	0.0159664992	0.0173379024	0.0160420272	0.0169189172	0.0180960803	0.0146872729	0.016377654	0.014050931	0.016291362	0.0158560922	0.0195987872	0.0185890075	0.0179639163	0.0120013566
Lipid metabolism	0.0159719931	0.0132982093	0.0147685622	0.01327916483	0.0121724902	0.0132164908	0.0136483176	0.0158041385	0.0137571576	0.013215747	0.0127894378	0.0125231878	0.0134085473	0.0139688411	0.013352857	0.013714026	0.0150783885	0.016365819	0.012779001
Excretory system	0.000577435	0.000425557	0.000298361	0.000265617	0.000314883	0.000279406	0.000363295	0.000201146	0.000339454	0.000220055	0.000160732	0.00020255	0.000342279	0.000340905	0.000255075	0.000224278	0.000247393	0.000343568	0.000210278
Metabolism of other amino acids	0.011198207	0.0092196612	0.0110040921	0.0098205266	0.0092123801	0.0094544477	0.0092610617	0.0099903866	0.0091605607	0.0106115446	0.0089061803	0.0099042141	0.011210656	0.0104315504	0.0091641251	0.0101297586	0.0105025143	0.012016262	0.0070182138
Metabolism of cofactors and vitamins	0.0284096868	0.0256773763	0.0247362932	0.0271272426	0.0228776786	0.027672257	0.0244766586	0.0297825555	0.0235157276	0.0273665094	0.0259327048	0.0260989216	0.0277806668	0.0278252493	0.023468363	0.028546809	0.0285158675	0.02719023	0.0177127023
Membrane transport	0.013068052	0.0147457866	0.0202481814	0.0179930812	0.0151830837	0.0165417962	0.0144638725	0.0228878821	0.0146700239	0.0159722547	0.0155982201	0.0141718101	0.0227500368	0.0147834304	0.0139317402	0.0173055993	0.0153387402	0.0235463523	0.0121800692
Infectious diseases: Viral	0.000129684	0.00013834	3.26e-05	3.68e-05	4.46e-05	4.99e-05	6.84e-05	6.51e-05	7.82e-05	3.75e-05	9.94e-06	9.58e-06	6.63e-06	6.19e-05	8.6e-05	3.54e-05	3.44e-05	3.56e-05	2.73e-06
Endocrine and metabolic diseases	0.001150591	0.00090124	0.000927216	0.000841273	0.000931187	0.0009552958	0.000905647	0.001008957	0.000882759	0.000763034	0.000749714	0.00096116	0.000873634	0.000922435	0.000767095	0.000887474	0.000881777	0.000813002	0.0006027707
Folding, sorting and degradation	0.0087602449	0.008523444	0.00895474	0.00916126	0.0087569805	0.009386443	0.0083131695	0.010905924	0.007728503	0.009055898	0.0086590701	0.0098149292	0.009284644	0.009126265	0.007935825	0.0097793871	0.009544989	0.007944302	0.006989042
Immune system	0.00049697	0.000602694	0.000528772	0.000419762	0.000565598	0.000478612	0.000453766	0.000414948	0.000476178	0.0003411	0.000349258	0.000349938	0.000421967	0.000505572	0.00045793	0.000392624	0.000451603	0.000517776	0.000649328
Global and overview maps	0.0606263964	0.0525262452	0.0534628198	0.05474591563	0.0509065914	0.055983679	0.0514348275	0.0664267459	0.0511845843	0.0554879397	0.0557734259	0.0545855295	0.05878477	0.0556638753	0.0463676732	0.057911295	0.060758102	0.0530280921	0.0452626863
Infectious diseases: Parasitic	5.7878e-05	2.365e-05	0.00016002	3.4543e-05	9.82834e-05	3.238e-05	4.09306e-05	0.000100388	2.305e-05	3.287e-05	4.165e-05	3.1156e-05	0.00010223	5.1593e-05	0.000149195	4.0016e-05	0.0001106194	0.00016549	2.309e-05
